longitude,latitude,code_postal,surface_reelle_bati,nombre_pieces_principales,prix_m2_ref,surface_terrain,number_of_lots,season,valeur_fonciere_actualisee
2.3583957178642376,48.8755789711374,7504,108.55557782693062,3,10257.726066885674,39.82864038233879,,0,833963.0
2.376188349050861,48.86181820589752,7502,67.25563257734439,1,9569.91693818043,145.1324148442635,,1,811573.0
2.2359349670000417,48.89696992366862,7507,58.43776416991771,6,10160.7203358053,279.8999563570923,,0,611430.0
2.4470158909029887,48.8735578430408,7505,99.44182346590812,3,9974.4015549417,360.6771906153703,,1,904804.0
2.438210204219095,48.86245429860677,7508,54.118532147356746,4,9848.31703220121,316.56171826837084,,3,484974.0
2.3167135469660933,48.83337998520784,75011,37.49787168508509,2,10149.03143443424,217.03231546702503,,3,400762.0
2.34180912339504,48.8825486489953,75011,119.06531636305748,2,10149.03143443424,114.31379993029309,,1,806485.0
2.223631980755966,48.858455441055845,7503,114.82150525348314,5,9983.017238897526,128.5073928934774,,1,805443.0
2.2706023200186225,48.8633026979243,75011,43.09739555385265,6,10149.03143443424,89.95660804073249,,1,475915.0
2.257806232970522,48.874911401281366,7509,58.04474929976673,1,9775.064380528089,253.4849812120861,,1,613590.0
2.2344584035970705,48.89798358334389,7502,126.4292625139298,1,9569.91693818043,239.7896385494017,,2,729179.0
2.2943211025388823,48.84717840225125,7508,106.0070389969566,3,9848.31703220121,431.8440834284698,,1,1272238.0
2.323187887749655,48.8890517913618,75010,94.12896497224456,3,9903.611678623716,86.62288567772,,3,1403498.0
2.279924240618084,48.83766186972773,7506,123.21025547458284,2,9841.359840436731,380.70186483221937,,3,1029496.0
2.335594630753586,48.86991122513373,7506,125.50788596326382,3,9841.359840436731,417.7116197587556,,0,1480260.0
2.324428071578953,48.86530328826901,75015,60.5879081577932,3,9813.040070612808,97.03732701057056,,3,575461.0
2.427356240819148,48.84464578254202,7507,90.46304058253524,5,10160.7203358053,170.93031022109582,,3,579800.0
2.4126647907025127,48.84303370679076,75015,108.18222995729798,4,9813.040070612808,395.5337909980771,,1,1012188.0
2.238585651918884,48.864518056374806,7508,79.43514239885133,4,9848.31703220121,69.04282194611588,,1,527434.0
2.312637620553028,48.88474577411299,7501,36.38556643651665,2,10006.394372127985,384.0903959756564,,3,347539.0
2.233817066708841,48.818981900145445,7501,87.48789446537774,5,10006.394372127985,283.2807749195544,,0,669689.0
2.300641844194037,48.8887193243416,7509,88.02011059864515,1,9775.064380528089,188.38373070694232,,0,1154047.0
2.352809488150088,48.81341217058147,75017,74.76147481769578,3,9899.474939437398,95.82464242511642,,2,905538.0
2.339402571913645,48.879338867447714,75014,107.99917577883365,3,10062.666974334055,265.2361533296378,,1,1376970.0
2.3142099003608863,48.88981904628787,7509,92.84368204143776,2,9775.064380528089,480.345785851773,,0,1271683.0
2.309030702099615,48.83773417129885,7507,127.09975770859933,4,10160.7203358053,153.21128777927115,,3,963192.0
2.248931423922433,48.82089438253034,7500,140.64802282623876,1,9981.88888607979,265.8164096068325,,0,1322400.0
2.3952288145212632,48.84898213523441,7503,39.01902399593572,4,9983.017238897526,459.859380375149,,0,417460.0
2.264147067752281,48.83616474239933,7501,103.29520143300712,4,10006.394372127985,224.8130283651423,,3,701552.0
2.227238120057132,48.88093455665391,7501,93.2978984735028,6,10006.394372127985,284.686360047092,,0,631448.0
2.298920383272462,48.89327737346326,7509,132.34283503658077,6,9775.064380528089,317.40350420602465,,2,969267.0
2.35509374807869,48.81403635177041,7504,47.16185330102089,2,10257.726066885674,309.69428162989965,,3,691115.0
2.276171963092753,48.86352696696122,7507,125.39280472426924,2,10160.7203358053,249.1224433839055,,3,1164155.0
2.429618309175711,48.871407466741175,7501,39.71391858947042,6,10006.394372127985,182.31866739053413,,2,359076.0
2.3270084036321483,48.814867626315134,75017,78.11300761161304,5,9899.474939437398,350.67449586349824,,3,987959.0
2.3764122721677228,48.820117167060125,7503,45.75810527966492,4,9983.017238897526,120.07187415660584,,1,517654.0
2.246324611696979,48.852220583731686,7505,45.5364042166746,6,9974.4015549417,445.2643536325054,,0,691894.0
2.345618625099813,48.857423763890665,75010,73.82199184989582,4,9903.611678623716,339.4297417521523,,2,882325.0
2.2792355805679927,48.83098927639844,7505,108.38595847028222,4,9974.4015549417,239.68133486753456,,2,1580950.0
2.306331749141579,48.8939665664834,75015,35.81400383222323,3,9813.040070612808,482.4705455436883,,2,356895.0
2.4525237570187266,48.8886000428994,7500,37.374471341360746,5,9981.88888607979,452.3995493620573,,2,288410.0
2.41464184561638,48.8952593040527,75016,58.88284139143877,4,9678.120674588112,193.8727003197849,,0,492201.0
2.3448306214477737,48.82052733235417,75011,62.79751186504588,2,10149.03143443424,196.6400155855385,,3,818584.0
2.2259707030210203,48.89657747312396,7509,45.89426534178786,4,9775.064380528089,425.270433636369,,3,338643.0
2.4414089772788783,48.831708841439074,75016,80.8645382080413,1,9678.120674588112,267.3317302170677,,3,1143575.0
2.289181598372048,48.82550912008183,75015,84.49796546475027,5,9813.040070612808,398.8161203083128,,3,1036192.0
2.474721893580862,48.83887380892233,75012,131.71228988635465,5,9935.066867676536,105.431668985465,,1,1337083.0
2.446287224707651,48.8997293047603,75013,116.09688858040238,6,10190.767780889602,181.9897759715195,,2,890520.0
2.310901229597045,48.86178230618298,7507,120.87849800820436,1,10160.7203358053,362.36838373719706,,2,736327.0
2.330988891499483,48.87560996032128,7505,94.38766805258008,4,9974.4015549417,175.8198053175369,,3,1340418.0
2.3290574589478057,48.89024677367474,7500,147.104550834677,4,9981.88888607979,269.5424291560618,,2,1364577.0
2.2751669731860327,48.86913986597029,75010,55.93122311918264,1,9903.611678623716,486.58278056034624,,3,790576.0
2.374186245689202,48.89603858095207,75013,70.16074043001848,3,10190.767780889602,40.76828139286556,,3,958207.0
2.405357063027178,48.8241417050882,7502,40.03499463330847,2,9569.91693818043,495.6048736944405,,2,343309.0
2.352429165732281,48.89543551277216,7506,62.068886872605646,4,9841.359840436731,272.8442016378271,,2,777415.0
2.4276625492147543,48.875086095675485,75011,61.769149758596924,3,10149.03143443424,157.06354388763967,,0,432431.0
2.314384125382739,48.85413444059934,7505,87.28097270099376,2,9974.4015549417,323.1064203632217,,2,701438.0
2.311562105063817,48.87269935173403,75015,102.46424633909594,1,9813.040070612808,290.9431089162043,,2,924651.0
2.366370271684396,48.84417285518147,75014,129.01139475333017,2,10062.666974334055,208.94863284555544,,3,1321449.0
2.438590415239775,48.81717374904152,7501,69.88802905932008,6,10006.394372127985,199.92909032912212,,0,1008377.0
2.306892741560549,48.874801759570346,7504,144.2580643583891,5,10257.726066885674,492.1095647166836,,3,1247592.0
2.3917564314706543,48.85990137593919,75017,145.6655058314499,3,9899.474939437398,315.78456091859147,,0,1437941.0
2.364794142517584,48.81129313624841,75014,97.6721383368692,1,10062.666974334055,309.336666007688,,0,1020127.0
2.265035203101587,48.81906430757031,75011,66.65382604848119,6,10149.03143443424,374.63056623573374,,0,788331.0
2.3991187842259314,48.8239449281463,7508,86.86720502026651,4,9848.31703220121,149.59354069123114,,1,838863.0
2.275419231156905,48.87276083287107,75010,148.4313066342997,5,9903.611678623716,340.654030912376,,0,1145667.0
2.45545923379474,48.84711514191994,7503,140.4835996190003,6,9983.017238897526,317.9243579304022,,3,1117544.0
2.2500471134056537,48.87665227175015,7501,64.89415805136679,2,10006.394372127985,460.8159530218532,,1,450426.0
2.2837619280746195,48.81572652937453,7505,72.43812110258219,1,9974.4015549417,166.94157653151885,,2,541038.0
2.3789095371693176,48.89662608531961,7502,64.325900180427,4,9569.91693818043,77.00977232681761,,1,526170.0
2.449384421103827,48.85066147239461,7504,149.8350251115301,2,10257.726066885674,499.1573849570972,,0,946046.0
2.4354232775616538,48.88971844508226,75017,90.81623814797712,6,9899.474939437398,210.37588459374052,,0,1133067.0
2.308137716215805,48.84684432132516,75011,67.4314352768077,3,10149.03143443424,183.15806861860705,,2,817048.0
2.449437462486526,48.81359938011594,75012,121.41749427922602,4,9935.066867676536,67.11841425871016,,1,1487498.0
2.344258866563813,48.88047063433005,75013,38.86097138662892,5,10190.767780889602,169.1795822818873,,2,353171.0
2.307324904209421,48.84934641795292,7505,144.08533811516665,2,9974.4015549417,366.1776794939228,,2,1412271.0
2.2665030717930645,48.824261189110096,7508,93.4916055751262,1,9848.31703220121,342.7973898609659,,0,660036.0
2.2327809118183506,48.85148789639105,7501,116.72743627419744,4,10006.394372127985,131.7093025321998,,0,1262160.0
2.4311999157632744,48.85475987179086,75011,63.19429194061513,5,10149.03143443424,157.10832168471416,,3,465685.0
2.378568912639566,48.8624962051761,7500,73.73419469585345,2,9981.88888607979,210.4484788912731,,2,861614.0
2.224937610806888,48.87365377527214,7503,111.01268225059606,1,9983.017238897526,421.6297834321441,,1,1373255.0
2.233905940953005,48.83325031028618,75014,135.5561387886437,5,10062.666974334055,86.95037379584376,,0,1166733.0
2.38111422255556,48.86225043443574,7502,73.66806690178439,2,9569.91693818043,279.6812013320762,,3,564263.0
2.235018779121181,48.83643980195206,75014,73.62308304242431,3,10062.666974334055,457.3709287692332,,0,905915.0
2.2367345619506493,48.8564937133422,7508,120.02898305520692,4,9848.31703220121,175.56290157092627,,1,999041.0
2.4266052872031403,48.83976093357753,7504,85.57499432116558,4,10257.726066885674,211.437443161214,,3,601790.0
2.4460326812335897,48.83646343827591,75019,98.08987046229768,6,9910.289427293848,382.9401105314886,,1,1479563.0
2.4147485108599622,48.83999099339796,75013,46.44010304865512,1,10190.767780889602,192.39136694928263,,2,435961.0
2.37836616779363,48.81953240696403,7504,85.36555331683213,4,10257.726066885674,379.0580716258322,,1,1013663.0
2.30338703469376,48.89512491487634,75018,138.59211494797825,3,9846.536214329111,71.79427086570733,,2,1231029.0
2.3319417115832506,48.88548528146833,75014,41.1928537174993,3,10062.666974334055,232.22678168274496,,1,451793.0
2.268352157321697,48.889264269992935,7504,49.52309518167255,5,10257.726066885674,188.66466404953528,,2,528259.0
2.2710191149782144,48.8861237117555,7508,53.372135736671765,4,9848.31703220121,237.5657261046084,,0,428897.0
2.426649878334386,48.869052116446674,7508,80.62426329956529,2,9848.31703220121,200.7750246747662,,0,579587.0
2.397064495484868,48.82671306832769,7503,113.76994813563913,1,9983.017238897526,178.3830303502967,,2,1525993.0
2.341644557410143,48.81984077105948,7509,106.98041741907753,6,9775.064380528089,56.7985136824507,,3,1131016.0
2.371078316408018,48.84313731124461,75019,37.44272487783355,4,9910.289427293848,183.9279979383036,,1,383835.0
2.323851105913194,48.83022073303812,75012,97.00961490082985,5,9935.066867676536,415.8220431028908,,0,896084.0
2.2549370203567314,48.86142502446507,7500,117.07816361736266,5,9981.88888607979,144.87458140675335,,3,709214.0
2.478719559528302,48.86488640397965,7509,111.45240746963526,2,9775.064380528089,340.9678153638275,,0,1166012.0
2.395424708466556,48.892305680616616,75012,81.20600654834504,6,9935.066867676536,437.50632050791046,,3,780097.0
2.448138241873313,48.82677978696125,75013,137.2209717143386,2,10190.767780889602,210.82626449864108,,1,1356221.0
2.3710416747555554,48.88372465228718,7500,136.7723828328576,3,9981.88888607979,212.23630669685045,,1,1405167.0
2.2280071793788743,48.89093808292389,75018,57.28139740218489,4,9846.536214329111,93.91486582072736,,2,498828.0
2.406151301242368,48.82558500726732,7509,143.31194197273885,2,9775.064380528089,78.43161526775106,,1,1377504.0
2.2700059234090184,48.86574373948951,7508,106.87197565296614,5,9848.31703220121,225.507268462598,,2,1042367.0
2.344638451034335,48.84679152872268,7504,128.65486133339158,1,10257.726066885674,177.65760688453597,,2,1369215.0
2.245914050577549,48.88912037451416,75019,116.1091099320416,6,9910.289427293848,498.2173464417,,3,866307.0
2.23361582040466,48.85570851381112,7507,54.02468778485256,6,10160.7203358053,51.64078401315349,,1,641308.0
2.473571956532652,48.81247558379992,75018,83.95584411363754,5,9846.536214329111,408.83842251564687,,2,883332.0
2.312189258836044,48.85102263440595,75018,111.31964805009392,6,9846.536214329111,397.1323198258671,,0,685258.0
2.4219764419938103,48.88623001293475,75013,121.48824122892984,2,10190.767780889602,68.95307344510474,,1,759307.0
2.33898447849289,48.87093213706667,75010,94.09594595768196,4,9903.611678623716,445.3986844732937,,2,591847.0
2.2586542144288977,48.86245098460663,7507,51.118868966764445,1,10160.7203358053,203.7521326626621,,0,655505.0
2.4748264429790883,48.84677045313845,75019,51.146566889947934,1,9910.289427293848,86.7729738063598,,1,706852.0
2.291327631564352,48.899384053211634,75010,59.605234294027895,2,9903.611678623716,73.08767180370793,,3,939672.0
2.2875918370043595,48.85423402275495,75018,50.66122600083797,6,9846.536214329111,207.4403263006521,,2,400396.0
2.243562674453326,48.819140077245606,75010,48.518795614112925,3,9903.611678623716,389.1563159009544,,0,518329.0
2.274295475415149,48.87229532416456,75010,91.70504210499584,5,9903.611678623716,258.64863811296846,,1,675314.0
2.47065495446976,48.87171421811244,75012,115.97221800248694,4,9935.066867676536,318.8348448121488,,0,844314.0
2.458653574156356,48.8323708530029,7504,117.70338247751457,6,10257.726066885674,185.85092582041705,,1,1473757.0
2.408187069937021,48.83535160189562,7507,72.82862785439914,1,10160.7203358053,494.94096491573714,,3,517280.0
2.324526894796404,48.89969689746346,7501,77.06872202880453,4,10006.394372127985,307.63462271188564,,1,1202212.0
2.4721776713682786,48.84057578460663,75013,95.01824746044682,6,10190.767780889602,342.00553050720566,,2,886745.0
2.466259829739135,48.82326515136566,75011,121.09088439943017,6,10149.03143443424,98.5203111474358,,1,951580.0
2.2542073837157166,48.862729143015216,75015,66.58731383012254,4,9813.040070612808,260.5186065015056,,1,697305.0
2.4091246205369763,48.82514385962656,7503,129.20433575481258,3,9983.017238897526,473.2838878343785,,2,991068.0
2.3362514923808173,48.86302627499222,75019,149.13861706481777,4,9910.289427293848,135.70883174861075,,2,1604424.0
2.300728497462865,48.89376505654248,75014,52.12236241827114,1,10062.666974334055,121.15459138850396,,2,736940.0
2.2409023136194857,48.81864721003865,75016,99.8659732168613,6,9678.120674588112,415.7823245794916,,2,983540.0
2.32607797463793,48.83827235564795,75018,114.54003761595716,3,9846.536214329111,363.7030219887432,,2,891584.0
2.406511285142464,48.89727673423402,75019,142.1601455708916,5,9910.289427293848,436.7092726696226,,1,856017.0
2.403543063380626,48.833609321221935,7500,137.25917817480212,3,9981.88888607979,357.0552317655251,,2,1108705.0
2.3986252721797907,48.8822154910518,7501,132.79842679288816,4,10006.394372127985,99.5390334843186,,1,1138330.0
2.31638017253658,48.87510312694532,75014,130.72226836810918,6,10062.666974334055,186.2253677405253,,1,895421.0
2.2210384888575647,48.86039765477479,75011,64.44608032929698,1,10149.03143443424,201.4053904203149,,2,436742.0
2.2453701429913493,48.84319226685973,75019,69.9442813360431,4,9910.289427293848,82.28321821661683,,1,574684.0
2.3867831471897705,48.83486660190173,75015,88.75412660826257,6,9813.040070612808,267.69752355096193,,2,1051887.0
2.3159048986235624,48.821643532296754,75016,96.24767281907567,6,9678.120674588112,168.7950887202167,,1,1031883.0
2.296196123590606,48.83123359512441,75018,66.30592945364538,1,9846.536214329111,181.31978945429503,,2,516925.0
2.3967437507342955,48.875459416073326,7508,61.0393184820539,1,9848.31703220121,51.2881407639256,,2,646380.0
2.3625013433594457,48.83142580898075,7507,111.61976256072414,4,10160.7203358053,95.71204626319565,,3,1679340.0
2.223201630101656,48.84488522944643,7505,68.33732021489763,1,9974.4015549417,432.57169924316537,,0,494970.0
2.2520863430063,48.87101023562252,7508,107.29173625117863,3,9848.31703220121,112.80206676209278,,0,990989.0
2.3068605485806497,48.85337770673634,7505,55.157887074778266,1,9974.4015549417,81.36621238974601,,2,709537.0
2.4611610490790548,48.87928550447393,75015,126.40666874326504,2,9813.040070612808,36.69693127339934,,0,1280019.0
2.440852876897436,48.82435395631244,7504,56.36130069920705,1,10257.726066885674,475.7893184359507,,0,413631.0
2.418669344727952,48.811988485641976,7502,145.94829011690976,4,9569.91693818043,145.18182690306065,,3,1336808.0
2.227697102695608,48.89793369984783,7503,145.23941116151536,6,9983.017238897526,472.9419293190312,,1,1302946.0
2.471051082929056,48.896728556799694,7501,41.435343240796655,5,10006.394372127985,430.4917548594356,,0,547731.0
2.363579812456613,48.85454668006644,75012,61.337368487599306,3,9935.066867676536,143.6890327500526,,0,616127.0
2.3502740539768903,48.82290292062555,7503,45.06159647979484,4,9983.017238897526,358.12925224212654,,2,589572.0
2.4529684010632007,48.884219190296506,75016,47.33331447739021,4,9678.120674588112,399.2865383799485,,0,389364.0
2.3130765209586124,48.87455726412038,75013,39.50939613474409,3,10190.767780889602,290.1471879332754,,1,593733.0
2.3761147795040243,48.839697663331854,7501,78.40979146955628,5,10006.394372127985,164.10514636575147,,2,904728.0
2.3791882036690373,48.83958755381561,7508,127.44803418804268,1,9848.31703220121,174.75567490462814,,0,822998.0
2.2733141190817334,48.871129177284246,7503,62.38237808878727,3,9983.017238897526,64.22837401817908,,1,497969.0
2.285793307654199,48.85461602861701,7501,44.82040052887345,1,10006.394372127985,203.30224485683533,,1,326683.0
2.419648263145368,48.84395384139035,7504,65.89518214264235,3,10257.726066885674,138.177021498323,,0,805313.0
2.405924846327712,48.82803986571006,7508,53.73469335540632,6,9848.31703220121,337.1903624541317,,3,401196.0
2.2949977098162018,48.82822106488625,75011,135.0732260311013,1,10149.03143443424,117.25113530438745,,2,1387675.0
2.2686517720274137,48.87172605217884,7504,48.44381370367641,2,10257.726066885674,88.18554122953618,,3,472745.0
2.326072586643348,48.85759960685945,7505,37.367912765865206,1,9974.4015549417,53.76749508657942,,0,357248.0
2.3235533526247205,48.813158599152025,75019,103.7906054691006,5,9910.289427293848,151.99616044773012,,3,1350691.0
2.3714288182052883,48.87551995377844,7508,65.29416372839775,4,9848.31703220121,59.53251196798958,,0,885808.0
2.2267095102634022,48.86907807259063,7506,89.05180136566105,3,9841.359840436731,492.8904138938102,,2,1050717.0
2.315773557006115,48.85466471691135,7502,109.19266538155355,4,9569.91693818043,163.01668958444657,,0,1051933.0
2.3703080881757006,48.862760657709394,75014,37.13594400623579,3,10062.666974334055,451.198032750048,,2,513365.0
2.2351907331389613,48.87261486612741,7507,78.94728940648947,5,10160.7203358053,251.090177250096,,3,1072912.0
2.439481074267612,48.81169807561074,7507,61.017416125127454,3,10160.7203358053,354.3869192318529,,0,405216.0
2.4256688769869337,48.86614315007584,7500,147.5667249777859,5,9981.88888607979,486.663789972876,,3,1004058.0
2.2753280174953896,48.8738868982283,7500,64.46195732392161,1,9981.88888607979,298.9852966469824,,0,845269.0
2.382523469465483,48.88501321421745,7508,133.4393551923008,6,9848.31703220121,107.0354403784156,,3,1531844.0
2.2312223514228218,48.8802523774386,7507,89.4321438144855,3,10160.7203358053,447.4018304061962,,1,546969.0
2.340451726637826,48.88352214212619,75011,130.35739760987798,1,10149.03143443424,309.9812361961439,,0,1531857.0
2.3780601332456097,48.856231460174754,7505,136.70853010628088,5,9974.4015549417,154.46283567341752,,0,1042924.0
2.3155446664473915,48.811419851675474,75010,130.68551498984212,2,9903.611678623716,197.70343333967213,,1,1117111.0
2.4012657960172525,48.86584109431636,7507,102.0582032705792,5,10160.7203358053,266.6493991109746,,3,848184.0
2.2465480507768225,48.89482704559539,75016,52.53102739017203,6,9678.120674588112,196.56548099104216,,1,830045.0
2.33175485733232,48.8336720197966,75018,73.27118193831575,5,9846.536214329111,240.4127569682641,,0,829835.0
2.351877696645553,48.855963756240754,7503,111.18870813644568,4,9983.017238897526,213.45692492012148,,1,1238200.0
2.347485255436531,48.81533805701948,7505,145.53627383466488,6,9974.4015549417,473.9719380593148,,2,1590511.0
2.26948083837288,48.83904303716928,7505,129.93909661511532,3,9974.4015549417,382.7891531205156,,2,1022236.0
2.3435410718133207,48.838109824178126,7508,48.92019660036369,3,9848.31703220121,72.31717510365125,,3,620248.0
2.415228967600298,48.84213595638419,7505,40.016488976283455,4,9974.4015549417,437.4593680214212,,2,451264.0
2.3944221197625093,48.831561740892745,75018,135.23967809027187,2,9846.536214329111,236.47470681892048,,3,834686.0
2.3059864147690314,48.84452788067098,7502,92.3509249283694,6,9569.91693818043,305.6761215145931,,0,625994.0
2.429505402332916,48.87632507466938,75013,96.418669604423,2,10190.767780889602,261.786569867152,,3,1043932.0
2.288604964477651,48.825264809880096,7508,106.6726291389774,2,9848.31703220121,352.68669976116,,0,1379260.0
2.3014521282497005,48.88847298904084,7503,84.11939291972813,3,9983.017238897526,386.8827894459129,,1,494018.0
2.317189449555229,48.851914714108354,75011,134.6231447011324,3,10149.03143443424,317.70150961344086,,3,1445702.0
2.368623372265031,48.865335162602186,75019,67.77604976879002,5,9910.289427293848,335.8482580334824,,0,905612.0
2.2406484773609474,48.84449678405893,75019,130.99915796192772,2,9910.289427293848,461.0583061747551,,0,1170549.0
2.45476493690512,48.85769830747348,7508,104.59134020296712,5,9848.31703220121,285.3416265719536,,0,1002472.0
2.3051635330245936,48.8478629720287,7502,141.32167831719153,3,9569.91693818043,159.42162349806887,,2,1564738.0
2.308558060909581,48.87233926965986,75013,125.545311546228,1,10190.767780889602,391.0846890588236,,2,1618650.0
2.43946593149716,48.86636916353736,75010,36.3422822896675,1,9903.611678623716,363.4534482702403,,2,229644.0
2.4569322756898075,48.86260114690964,7502,100.5396832942316,2,9569.91693818043,146.49739094606986,,3,1011513.0
2.4688019338771747,48.83071125683266,75014,122.42341260489266,5,10062.666974334055,411.0108259494645,,2,1681141.0
2.2370197772767453,48.89266979114613,7500,52.98653542444614,4,9981.88888607979,222.3019302091623,,2,593535.0
2.4408232869450868,48.84019944516495,7502,146.2383303087331,6,9569.91693818043,124.32679345562686,,0,1592474.0
2.380621517147338,48.81828231322378,75019,146.05246812355074,5,9910.289427293848,188.6878725966768,,2,1351383.0
2.3130981678029343,48.89319214269431,75017,99.25661719498758,4,9899.474939437398,469.4129175844872,,1,1346456.0
2.468688540376013,48.88736385117532,75010,61.52367793324631,3,9903.611678623716,79.49245118461761,,3,767467.0
2.241176401276792,48.84938422547474,75013,111.97620055005234,4,10190.767780889602,432.9611099083559,,3,1439333.0
2.4676901437526904,48.82001667363141,75013,87.91978722892381,4,10190.767780889602,275.7793335208476,,3,1245548.0
2.387081331621656,48.85569628877926,7506,146.62950034929406,3,9841.359840436731,196.42414931762983,,2,1034703.0
2.411156040145707,48.87465796108831,7501,59.385479376210526,2,10006.394372127985,132.27227030162774,,3,676675.0
2.4032357685319536,48.84005136675032,7509,135.88553177749088,2,9775.064380528089,401.63425150040905,,3,1010729.0
2.463660494061932,48.82790046822621,7503,40.49835569650408,5,9983.017238897526,117.50867784338408,,0,348481.0
2.370052548619788,48.85558239127267,75018,75.67894632133903,3,9846.536214329111,245.84449499053045,,3,1072203.0
2.3480877070181645,48.83319288308648,75014,72.44113726396309,3,10062.666974334055,376.3101683446541,,3,585300.0
2.3350564072841062,48.81595438360752,75012,35.89061836410185,6,9935.066867676536,93.14842996249035,,3,478166.0
2.2882451819903293,48.83898241331587,7508,81.75149754009219,4,9848.31703220121,137.23653558697904,,3,862370.0
2.303224876289695,48.85013922780837,75015,142.8925428644177,3,9813.040070612808,84.27659756386232,,1,1336567.0
2.385748607500881,48.86413447125982,75011,84.29419946367832,3,10149.03143443424,419.54289716783006,,0,721380.0
2.4690422579635456,48.85922384996817,75010,39.98283716451256,1,9903.611678623716,82.06685114298499,,1,567351.0
2.295486746968749,48.897700647892925,75011,57.01775437549168,2,10149.03143443424,120.77669246623746,,3,451503.0
2.3746875678529884,48.82289428079324,75018,57.04713595696416,3,9846.536214329111,360.4809677956949,,3,600673.0
2.39660262835976,48.81202348113067,7505,132.14705864287384,1,9974.4015549417,244.4829383529672,,0,1580310.0
2.335639630078372,48.88581689192083,7503,96.54929436610064,1,9983.017238897526,35.228371238187506,,1,994502.0
2.2745517988326487,48.877101037482106,7506,86.97703049364998,5,9841.359840436731,239.99059789848127,,0,1023304.0
2.349394151460046,48.81171350951127,75011,105.99659240072346,4,10149.03143443424,457.14633825594194,,0,1657362.0
2.268100735407243,48.85742469203221,7500,41.807134938361,6,9981.88888607979,498.521753667182,,0,369824.0
2.3219779565495284,48.89847901761971,7500,104.4332406769451,6,9981.88888607979,181.61645128443027,,1,1207398.0
2.3455352677094456,48.84465308340432,75019,113.6074074314924,2,9910.289427293848,381.2733596396898,,2,877434.0
2.436728052120789,48.863807259415225,75010,94.17084667942731,2,9903.611678623716,195.17415580454008,,2,675984.0
2.3846467076698663,48.86994053885994,7505,62.98914850157098,5,9974.4015549417,102.8392681601726,,3,555452.0
2.3970193678561222,48.81071258776252,75010,52.003730350502366,1,9903.611678623716,349.62333629783654,,1,424105.0
2.3270232124586,48.88813653096336,75018,73.97301106030166,4,9846.536214329111,464.43344077479753,,1,1053647.0
2.2292016102268764,48.86421423457866,75017,105.3451302056152,3,9899.474939437398,352.32890101126225,,2,1031330.0
2.425194579210969,48.86523200539139,7508,77.13729315051071,4,9848.31703220121,398.4647418501137,,0,739715.0
2.4747586888360966,48.88610753734133,7508,42.28616178019859,3,9848.31703220121,229.1406150492626,,1,437099.0
2.3825446225131057,48.89242515089111,75016,108.75230643760796,1,9678.120674588112,311.7890859770652,,1,1194520.0
2.286024085042587,48.850758661702585,75010,86.6919441910527,3,9903.611678623716,362.17752215742985,,3,650835.0
2.346235558485579,48.853207641839454,75010,91.96492771607194,3,9903.611678623716,360.8750730447947,,0,1320236.0
2.2760852042665505,48.848564495894806,7504,141.15375012845,2,10257.726066885674,106.39372857847673,,0,1560433.0
2.479691716676881,48.851021189462,75019,79.18393479076994,5,9910.289427293848,253.15393998422783,,1,860490.0
2.466155588038523,48.89453072745274,7502,60.678751965829306,5,9569.91693818043,254.24253888649463,,2,518110.0
2.4665006658477355,48.837342934209474,7509,144.86320171826517,1,9775.064380528089,213.92396706082903,,0,985201.0
2.4442025896737323,48.81208439501136,75016,133.83774798922738,4,9678.120674588112,425.48490084052594,,0,893853.0
2.29619170144624,48.8561710796245,75011,78.68344129182246,6,10149.03143443424,427.92581903067526,,0,1197329.0
2.243082783885206,48.8831806749551,7502,103.21960656359134,6,9569.91693818043,165.79714538345397,,0,1104790.0
2.355147398993481,48.87262354892376,75012,82.09735602011531,6,9935.066867676536,318.9906024332226,,3,1125151.0
2.410221858736699,48.83818469131715,7509,73.79320472959532,2,9775.064380528089,327.3447635113726,,2,970176.0
2.439431685845161,48.842979745505424,75015,88.93871579110322,6,9813.040070612808,438.1107879752519,,2,1359208.0
2.462021716886324,48.87536502375183,7505,36.422157093439736,5,9974.4015549417,313.9690798687577,,0,495761.0
2.288590251997189,48.81714027195414,7508,60.806188657080135,2,9848.31703220121,282.9061492183589,,1,436590.0
2.2459296435670137,48.86292512979657,7504,133.6892413381811,1,10257.726066885674,197.1078155797614,,2,1210606.0
2.264821074920053,48.86846826750561,7507,82.92700963082717,3,10160.7203358053,265.72693512127125,,0,1022960.0
2.330000946191326,48.888385195033706,75012,37.32823269840696,5,9935.066867676536,150.73739595031736,,0,309756.0
2.379073863197071,48.872794859270485,75019,53.97635833080684,4,9910.289427293848,47.22431233134847,,3,572154.0
2.434784190687372,48.83770169206147,75013,135.92749288530896,2,10190.767780889602,412.3769949998061,,0,1000331.0
2.4260884088229684,48.89440008668311,75019,103.65185402959558,6,9910.289427293848,470.5305164638197,,0,874282.0
2.3580293243039625,48.817764318712754,75011,43.07365718290194,3,10149.03143443424,121.48569014946844,,3,370694.0
2.229847840225825,48.86852252063419,7503,50.40089751220471,6,9983.017238897526,380.5429057142317,,3,317360.0
2.265531241563312,48.8984748056519,7505,85.65427599957546,3,9974.4015549417,422.6852010084104,,1,607383.0
2.351347734974457,48.85147589968079,75019,112.07518924465916,5,9910.289427293848,444.7275148907481,,3,1524231.0
2.25689044022491,48.8510189361816,7505,48.205279971546894,5,9974.4015549417,473.38239850999776,,1,695078.0
2.4128971679216664,48.83296368869766,7502,88.53941749814219,4,9569.91693818043,179.7612218086571,,1,1219246.0
2.322824149154258,48.82723610192004,7502,93.97990788356094,4,9569.91693818043,396.96453602175177,,2,664693.0
2.450420891584509,48.83159428552821,75015,73.13044269960298,5,9813.040070612808,302.2906114976911,,3,813696.0
2.4262511661217143,48.811734188809815,7507,70.18214023724545,1,10160.7203358053,60.53111685820139,,3,826592.0
2.379185705963341,48.87386838308159,7501,39.66888103970181,5,10006.394372127985,151.97989532642376,,1,522263.0
2.434972603079886,48.81900859384923,7506,37.05915147789378,1,9841.359840436731,342.53755573444795,,0,335143.0
2.428860661944144,48.88647634449031,7502,52.287116575992414,4,9569.91693818043,471.2146473955724,,0,575597.0
2.2684225473654203,48.85323721989317,75010,38.12960174263691,2,9903.611678623716,499.94013934543926,,3,319117.0
2.329158839962462,48.87778069303111,7503,52.16529003114023,6,9983.017238897526,56.01652311505151,,1,389524.0
2.404433921817009,48.8507887912244,75013,140.48794980496447,4,10190.767780889602,405.5912672772809,,1,1264655.0
2.285831051527155,48.82176092050617,7501,75.32624670498454,4,10006.394372127985,143.65544377877464,,1,759244.0
2.319639217515137,48.863867631891,7505,113.14893124016842,4,9974.4015549417,466.25599186358056,,3,745042.0
2.416224138941246,48.82740689805302,75018,104.97332158480828,1,9846.536214329111,242.99660749620955,,3,668284.0
2.3284917856475493,48.817706520892,7504,72.34561206885681,1,10257.726066885674,412.9913259177104,,0,826419.0
2.346386932422837,48.82565913127939,7507,89.14582699540983,2,10160.7203358053,229.94885995294155,,1,1049783.0
2.2736111540895974,48.87974695477844,75016,44.37134423800183,5,9678.120674588112,405.2147194675079,,2,568386.0
2.259741996369152,48.81176449503669,75010,103.11574664448923,2,9903.611678623716,194.9886240216436,,0,1099961.0
2.4454072432290497,48.8424772671872,75018,90.98883151341292,2,9846.536214329111,487.6903156951713,,0,956506.0
2.2630201851482314,48.86355592149782,7506,136.9599648109308,3,9841.359840436731,423.31697977494537,,1,1621349.0
2.3902123527377874,48.89502357922888,7501,41.09498012681652,6,10006.394372127985,294.8123820498719,,0,274042.0
2.288266104070374,48.835250210695456,7503,37.67300723364454,1,9983.017238897526,301.90961384306365,,3,419255.0
2.4343713293562868,48.86171749812718,7508,72.13020920933053,4,9848.31703220121,345.40833856481,,0,718026.0
2.3686155708231134,48.85802581479171,7506,102.900422814363,2,9841.359840436731,150.62337908681002,,0,871836.0
2.373328878151491,48.87818693185416,7502,73.76024571079692,5,9569.91693818043,150.76008091982595,,0,569542.0
2.4385403093259623,48.83929598676784,75010,76.04591374620449,5,9903.611678623716,402.9315202461995,,1,805265.0
2.4767696816685607,48.81398825016582,7509,44.76832926563967,3,9775.064380528089,184.84254025558337,,3,464721.0
2.4655336944183768,48.85184610196161,7500,59.06370473602562,5,9981.88888607979,407.04512049011134,,1,644490.0
2.4399159776535746,48.88068126060416,7506,143.3601894316227,2,9841.359840436731,487.4893980549488,,2,1558905.0
2.24964691011344,48.89012975149068,75019,84.95668441445511,4,9910.289427293848,223.3673530217065,,1,1006710.0
2.2856492154514387,48.88936023768673,7504,145.9635779522927,2,10257.726066885674,59.21537736726837,,2,1455857.0
2.30834060180189,48.85652121201775,7500,100.8947687108814,6,9981.88888607979,100.0199561428784,,0,1405371.0
2.2377354509785508,48.82154566943345,75014,78.43961936718203,4,10062.666974334055,480.0177203129905,,2,1153778.0
2.432622734902896,48.82277202959551,7503,148.63687335374158,1,9983.017238897526,367.9640580547099,,3,1558517.0
2.42557922435976,48.89531075021975,75010,135.03935530951242,5,9903.611678623716,456.01763988004205,,0,1265444.0
2.453013236189973,48.84584732632276,75015,124.950842598376,5,9813.040070612808,266.13461261469416,,2,1376167.0
2.422469694063772,48.85730313061291,7505,128.59819414021518,1,9974.4015549417,386.4399605503824,,1,1365891.0
2.2613523416820884,48.88627827599709,75012,40.52989292986361,6,9935.066867676536,229.4818773360696,,2,469938.0
2.286051648856051,48.834277624794304,75018,146.68578939551475,2,9846.536214329111,450.027118749592,,2,1551787.0
2.368990923866734,48.868630369838826,7500,48.118786678429295,2,9981.88888607979,492.3271385515618,,3,299748.0
2.359794320112938,48.8738841056396,75010,48.96345779677132,3,9903.611678623716,457.2839445658801,,0,483996.0
2.4205685916026374,48.81161914974291,7502,86.74828982833097,5,9569.91693818043,155.18022166734607,,0,1232668.0
2.3302143307859,48.81139146947971,7504,59.80106515008529,6,10257.726066885674,376.2950024077781,,2,421630.0
2.2840471507009625,48.83144868109361,7508,108.14090402405247,2,9848.31703220121,474.3046769777801,,1,1275838.0
2.349552058816035,48.82016146825519,7502,95.50841490335664,2,9569.91693818043,153.44071288620688,,1,996147.0
2.40478204687318,48.82780696300692,75013,72.998621223794,6,10190.767780889602,73.22069181017164,,0,776696.0
2.273149325890911,48.89458570791723,75012,73.07925072338553,6,9935.066867676536,188.46809328621777,,3,656129.0
2.3673984758816684,48.89340523160673,7500,52.5673333055338,6,9981.88888607979,68.56630138026027,,3,402277.0
2.2778399780437653,48.8966595939101,7504,124.10345370920966,6,10257.726066885674,187.4851092062392,,0,990798.0
2.2529448621113644,48.8335271932699,7501,145.25655119001857,2,10006.394372127985,105.903643612914,,0,1427612.0
2.3521181461111844,48.816325999208125,75013,147.9753139026008,6,10190.767780889602,404.3932672682403,,2,1101575.0
2.2505002828269047,48.82299393268016,75012,120.26299954988588,6,9935.066867676536,163.55772366536286,,3,1361989.0
2.4326676611088773,48.89340828857392,75014,84.55904493013159,3,10062.666974334055,351.6693308189273,,0,882323.0
2.4114762416084536,48.84067697835983,75019,103.40530896230848,3,9910.289427293848,479.6787651043256,,2,1351922.0
2.282359330658529,48.89489593149268,75018,143.3866070078285,6,9846.536214329111,305.97104231840024,,0,1468822.0
2.352994878180253,48.853433307301366,7508,46.27705054452908,5,9848.31703220121,87.40067019605677,,1,674884.0
2.272801659989897,48.88870189795365,7503,145.78038916082778,3,9983.017238897526,196.55073024389856,,2,1642947.0
2.23326567204392,48.86785419392858,75017,147.65634851761516,1,9899.474939437398,176.3148151438659,,2,1088430.0
2.418666557467071,48.89117196876762,7502,120.8409880304218,3,9569.91693818043,474.6785620751256,,3,1530137.0
2.413420082208114,48.85284177687885,7509,101.97772085410004,3,9775.064380528089,491.0610658937043,,2,738467.0
2.374798840775034,48.83969462084127,7500,90.91627285395828,5,9981.88888607979,239.37830606268128,,3,755176.0
2.2222254448724734,48.85414831609446,7501,44.18464145517432,3,10006.394372127985,231.62476545848892,,0,348547.0
2.4248846150350416,48.89787821947985,75012,87.41302324163242,3,9935.066867676536,320.8927855377786,,0,535280.0
2.2340200841790683,48.84378664129722,7505,68.15659468109524,3,9974.4015549417,463.3830057636542,,1,627394.0
2.3586718360218666,48.848352891844215,7509,71.73302815355618,5,9775.064380528089,133.1286164529522,,3,627676.0
2.4115731021649283,48.87119499763407,7508,112.40812066721315,1,9848.31703220121,145.80996123845904,,0,1547260.0
2.2887208261450565,48.89197699445989,7504,82.80553553529415,5,10257.726066885674,399.5371258185844,,0,961823.0
2.4728652125110173,48.82605646107224,75012,67.23516235039338,4,9935.066867676536,244.8844131025601,,0,1057416.0
2.301664505806271,48.87923418339787,75013,39.81013404808871,4,10190.767780889602,206.68967260693472,,0,651933.0
2.2743209740876944,48.83167379492412,7507,78.99621989764438,4,10160.7203358053,482.1433511439777,,0,774795.0
2.395362442324064,48.85976653433155,7508,51.11274010423781,2,9848.31703220121,83.83526763721558,,1,355268.0
2.409221392322852,48.82635256258797,7507,60.88311094828974,5,10160.7203358053,60.35051576763134,,0,540082.0
2.368983039231401,48.82447318191263,7501,44.01431241161737,6,10006.394372127985,468.0340692247418,,1,368772.0
2.4074003774568635,48.87256080944445,7500,118.19137037730523,1,9981.88888607979,71.55194688611752,,1,1606764.0
2.2727207836294063,48.86684022501384,75012,108.02169408496825,3,9935.066867676536,161.2577433214246,,3,1343268.0
2.351060387325862,48.89102815679027,75017,101.47513924684743,3,9899.474939437398,480.3518556834752,,1,691957.0
2.372055087581047,48.83438669539181,7503,46.95049377876983,4,9983.017238897526,184.3473778558753,,1,603116.0
2.2566377682368,48.89224266532072,75019,94.70800536076436,6,9910.289427293848,124.02638065465102,,1,905029.0
2.3297191067913885,48.83642273453327,7508,89.19253601426675,6,9848.31703220121,173.47034698730795,,3,1221515.0
2.3034103680594344,48.81425673257083,75013,96.95565868851736,3,10190.767780889602,429.209316160329,,3,855687.0
2.2210725924908785,48.89716158129644,7509,147.68037450059109,1,9775.064380528089,482.2750110979605,,1,1090726.0
2.4415503392729114,48.88509719178399,7509,37.67813642878731,3,9775.064380528089,248.44310674784452,,1,258485.0
2.287082273171529,48.88898073065221,7502,89.37529562331349,4,9569.91693818043,40.96701192033001,,3,1043588.0
2.3958939867167417,48.833293175922485,7508,53.19794074810361,1,9848.31703220121,446.9937772366312,,3,721091.0
2.305992958778979,48.83148954019296,7500,97.05443974123509,5,9981.88888607979,146.19599105960052,,3,812209.0
2.4023161816301744,48.88095149917373,7505,71.80087896428441,1,9974.4015549417,248.7531851094048,,2,596281.0
2.4395957760669646,48.87249990555869,7506,113.29058193928324,2,9841.359840436731,147.40858804420688,,3,828731.0
2.248006351246912,48.81016997026441,7504,80.08467611160934,2,10257.726066885674,215.66996471365405,,1,762159.0
2.4190275910897503,48.89435857060609,75015,71.0476819416005,3,9813.040070612808,337.4144409864012,,0,1070361.0
2.279100995659125,48.8379749655074,7507,71.52753000382143,2,10160.7203358053,91.92093738280424,,2,716234.0
2.340341764832349,48.85953152900829,7503,48.92953206508793,5,9983.017238897526,410.9497480270505,,2,666582.0
2.352220832472931,48.83277740630309,7509,74.92199480259808,4,9775.064380528089,224.8236866953933,,0,982148.0
2.403700382282599,48.82816795573692,7507,86.67252333141622,1,10160.7203358053,192.2609780783036,,0,648512.0
2.461785566752184,48.84526369877637,75015,68.47631636513091,6,9813.040070612808,289.9901391684207,,1,510620.0
2.37974369840998,48.84856404246327,7502,138.0600252562412,6,9569.91693818043,418.2107194110581,,1,1290050.0
2.4049463333018664,48.89774962639241,7504,35.71489762284991,1,10257.726066885674,201.10203474418307,,1,571953.0
2.4015361839021296,48.871261352504014,75012,91.83667901088484,4,9935.066867676536,101.7800530052466,,3,1027282.0
2.265595940681989,48.89615159737307,7505,74.63767349956784,3,9974.4015549417,392.4076558395206,,3,782368.0
2.427342449603924,48.85442088525466,75019,111.40218061613396,6,9910.289427293848,467.9799773025509,,0,1473801.0
2.3590444251031784,48.89003965715398,75018,78.34684275514843,5,9846.536214329111,197.4983230932291,,2,893405.0
2.248724358747328,48.83547901361217,7504,67.55489008057307,5,10257.726066885674,47.03694712174799,,3,967281.0
2.3116806426011487,48.81200121327738,75013,117.10546035571474,5,10190.767780889602,135.36594261491518,,0,922490.0
2.333627172861904,48.89824479446607,75013,76.98799993445587,1,10190.767780889602,225.1733880177252,,0,686797.0
2.4439685389956542,48.81339814084127,75018,118.67085202287385,3,9846.536214329111,45.83516855713131,,2,819734.0
2.431416524992406,48.8680754836572,7509,118.7411072813639,3,9775.064380528089,489.9533676430301,,1,736790.0
2.3443051463915348,48.86297303902059,75012,109.12917276246588,6,9935.066867676536,448.13441304852336,,1,1542542.0
2.455419192593592,48.88891171025688,7505,59.39223028630387,4,9974.4015549417,109.64650292256113,,0,798588.0
2.4799545146264803,48.88877132909029,75017,99.64914914086748,2,9899.474939437398,378.9186494454835,,2,1304664.0
2.2260815396757354,48.89882486382186,75014,100.96931578562236,3,10062.666974334055,241.54097844080903,,1,1073223.0
2.272490615340906,48.87891161342692,75016,77.95907965973356,5,9678.120674588112,253.9123567925053,,2,566179.0
2.38635132618717,48.893520832281816,7505,92.0253500867128,2,9974.4015549417,345.6729514312016,,0,944080.0
2.469969856890057,48.89269396798434,7503,49.91530771435918,3,9983.017238897526,299.1788387959954,,3,435979.0
2.4602433745733854,48.86680655634562,7508,107.38370609422704,4,9848.31703220121,69.96358353777931,,3,1052766.0
2.265704708278286,48.88607903998666,75012,58.88671259734021,6,9935.066867676536,354.3610012499878,,0,501063.0
2.4113412279308792,48.82174546419571,7507,109.91185325481644,5,10160.7203358053,469.0857886844764,,2,1141749.0
2.4761159239145067,48.87614803669581,75011,123.001778633516,6,10149.03143443424,251.53779506870825,,1,906633.0
2.341808124301375,48.83047195386684,75019,58.03301943112045,6,9910.289427293848,456.9255051828331,,0,434585.0
2.416535583319997,48.85472402654507,7501,47.51215285748003,5,10006.394372127985,435.6080781816216,,1,656419.0
2.396285381018496,48.89666058381681,75010,147.14732016176845,2,9903.611678623716,84.90430326053766,,2,1342606.0
2.286453217850461,48.81305263969834,75013,39.49441431208057,2,10190.767780889602,171.52343291051747,,1,399030.0
2.303880230654057,48.86183048479565,7500,71.92365436004275,3,9981.88888607979,477.02308641917074,,3,977834.0
2.4235111768920503,48.866763817785696,75010,141.4173332342395,5,9903.611678623716,160.96855892005766,,3,1188615.0
2.294853584265244,48.825641210107335,75014,115.38845554654738,6,10062.666974334055,349.5913250320747,,0,1268259.0
2.477529440901146,48.82812110427325,7505,58.180001440166905,4,9974.4015549417,289.1500941910899,,2,379919.0
2.4755791538104344,48.86505621634028,7506,106.967474541445,3,9841.359840436731,86.33638141516842,,2,924924.0
2.401545316688613,48.88116108337448,75018,61.61371960389218,2,9846.536214329111,349.5832051545896,,2,782606.0
2.299121000885196,48.87301231934208,7500,43.25334376175902,4,9981.88888607979,412.1581201548934,,1,461314.0
2.4038146536606875,48.881462586162144,75013,107.5788936130478,2,10190.767780889602,376.9723146959266,,2,1403785.0
2.239598032560378,48.8166539268055,7500,51.94412394640937,3,9981.88888607979,269.89581116418503,,0,478425.0
2.292347255299433,48.85293892536587,7505,85.0621903571716,1,9974.4015549417,222.610956021737,,3,698798.0
2.402418282439607,48.88841099164974,75015,109.7589777087916,2,9813.040070612808,346.70940576642914,,3,1603941.0
2.284282751481385,48.832405212517095,7505,138.79376771357124,1,9974.4015549417,48.11753072555743,,2,1294491.0
2.279196981806591,48.89485407645835,75019,63.66170016378441,6,9910.289427293848,284.3918508269388,,3,940421.0
2.4083523066868424,48.81814552031093,75010,41.074181033668864,4,9903.611678623716,255.37630682380205,,1,242087.0
2.338288777230442,48.89125369590023,7501,117.1944369043992,2,10006.394372127985,344.4961471992564,,0,1615149.0
2.322397456730556,48.86475542785018,75013,51.19722041033906,5,10190.767780889602,360.2197922409446,,0,326818.0
2.306712314945549,48.85864647998939,75012,66.9507801285522,4,9935.066867676536,381.8122399793079,,1,981342.0
2.251171484285837,48.81132861828445,7502,116.9144198441225,6,9569.91693818043,443.3176264189057,,2,1429268.0
2.275660748850433,48.82042443307887,7503,85.47420063318441,6,9983.017238897526,442.359090510105,,2,993762.0
2.23951417051723,48.85395071094733,7504,43.25524487858582,3,10257.726066885674,216.7005078361177,,3,588484.0
2.3201721286319086,48.82814748850056,7500,127.89339941981838,3,9981.88888607979,426.6596853290834,,3,1662432.0
2.299784245885708,48.81588900914131,75011,114.2730793457188,2,10149.03143443424,74.21407908463948,,3,1006909.0
2.2681722734374303,48.847114083480605,7507,134.9350675212545,1,10160.7203358053,166.87344583480012,,3,909852.0
2.3001114335517703,48.85966026704951,75018,36.34028473270146,1,9846.536214329111,101.84099751933026,,3,455963.0
2.297411088894706,48.8110196511579,75019,72.79158124404117,6,9910.289427293848,170.64214284194043,,3,935145.0
2.4782907792200715,48.89665805869549,75014,41.8212266418757,1,10062.666974334055,252.6377877350297,,1,271763.0
2.400948914387917,48.88640609553195,75011,104.47832954520162,6,10149.03143443424,327.28988005343507,,1,959093.0
2.380325372391275,48.87314229297514,75011,64.53921552688323,5,10149.03143443424,86.29560599871395,,1,374754.0
2.3681038986769263,48.829318582313405,75012,95.41767197588044,4,9935.066867676536,195.8466087306585,,2,877991.0
2.385234916976162,48.81319111445453,75019,35.753243681082125,2,9910.289427293848,36.18177754665908,,1,310934.0
2.418691392777104,48.87484538560634,7502,37.603340447718224,4,9569.91693818043,272.5385214515455,,3,327715.0
2.229174977178982,48.89889721107559,75013,43.78737487088623,2,10190.767780889602,73.58922026981067,,3,267315.0
2.3701629922535745,48.83683018788872,7505,39.57065415608504,3,9974.4015549417,399.0202196683081,,0,358911.0
2.3291423161371525,48.85156386550589,7508,37.88736053698182,2,9848.31703220121,110.9254258807198,,1,510388.0
2.408469970888444,48.862622713752366,75010,58.25299801478044,5,9903.611678623716,226.12794795357388,,3,663162.0
2.308197339965122,48.862023182925896,7508,68.49549511599739,1,9848.31703220121,420.0066431689097,,0,601423.0
2.462232780013537,48.814556463969886,7502,91.78980974672538,4,9569.91693818043,120.75167100425644,,2,680284.0
2.246888948208668,48.8721662657755,75016,147.8684511481528,3,9678.120674588112,336.78320332831083,,2,1330758.0
2.4561191298208658,48.87980514718107,75014,130.40579056094492,2,10062.666974334055,447.3454023412645,,1,752202.0
2.281662500643034,48.85760587249551,75011,129.0430405782895,2,10149.03143443424,272.3020841539516,,2,1569724.0
2.226531917735192,48.81972901193512,7505,75.26838157615205,2,9974.4015549417,413.2978684790452,,2,720389.0
2.257166429919556,48.87941913239054,75015,95.24254718610952,1,9813.040070612808,440.8486252371257,,0,1323670.0
2.3843364019358404,48.84335723729357,75014,105.13720461522054,6,10062.666974334055,190.3935312428676,,2,997847.0
2.392789072671678,48.81708747266783,75018,98.33232656120276,2,9846.536214329111,400.6068013992791,,3,1162233.0
2.2551448485964403,48.85398511617301,7500,128.57738633456086,1,9981.88888607979,103.8089650087229,,2,1121240.0
2.4412735879375176,48.872892275810585,75019,102.06928970099328,2,9910.289427293848,41.74508595039376,,1,900528.0
2.36545343164897,48.87908465389141,75015,149.3052974393489,6,9813.040070612808,441.2170655383701,,2,852013.0
2.434415025397861,48.88826937349418,7509,108.1035229408808,3,9775.064380528089,272.21756585587445,,3,1650228.0
2.404233628031572,48.89758525419809,75016,117.72158208490458,5,9678.120674588112,118.94611538236371,,2,898540.0
2.471369995128338,48.82048616417133,7505,51.854379236145625,6,9974.4015549417,350.59762037010603,,3,587489.0
2.3235830492587217,48.82668949651436,75017,138.445537414243,3,9899.474939437398,170.1619060295272,,3,897947.0
2.389121293024896,48.88853121118317,7508,145.6116268369817,1,9848.31703220121,419.2185051658204,,1,1261740.0
2.2439088116595034,48.87915222060187,75013,100.56921725610448,2,10190.767780889602,385.8855492635475,,1,1236983.0
2.403852359005465,48.832857413444295,7504,67.19466106897134,6,10257.726066885674,128.68290146219863,,3,614850.0
2.3202275104541275,48.82822932735507,75011,109.0050660406792,1,10149.03143443424,228.0455088287595,,1,1078872.0
2.3496753603989697,48.8365039961057,7503,60.8355809942485,4,9983.017238897526,72.63368699420619,,3,725604.0
2.278886570043263,48.86214206853777,7508,63.38538083057367,4,9848.31703220121,85.67002639131478,,3,822307.0
2.359454281506252,48.85499060718041,7508,96.1677863037877,6,9848.31703220121,161.62592861138998,,2,1070353.0
2.385119617555516,48.8902677128008,7505,57.45871788963578,5,9974.4015549417,90.62074888433028,,1,647974.0
2.28032731796256,48.89848558097607,7508,35.76575306449567,4,9848.31703220121,335.78607759025715,,0,529869.0
2.435638010878363,48.86238078274408,75013,47.16520388851476,5,10190.767780889602,288.48260291669857,,1,377116.0
2.323074070510041,48.81295627181525,75018,120.031089769639,2,9846.536214329111,499.0888889094134,,3,828368.0
2.230907758505269,48.86799120357989,75016,110.73543587230988,2,9678.120674588112,284.6168172863947,,3,1157005.0
2.264719828851531,48.868344880505504,7502,53.69922208838861,1,9569.91693818043,212.46595498700103,,0,716525.0
2.4214481070149487,48.87145370465492,7500,89.11936320162391,6,9981.88888607979,212.2082640206752,,1,1000308.0
2.268578710063329,48.8158142752272,75011,82.42340582840643,3,10149.03143443424,277.65938702529974,,1,801401.0
2.438831120034108,48.89290138005035,75016,106.20750458995664,2,9678.120674588112,161.9984233134074,,3,594284.0
2.4235574461503693,48.8752447831489,75016,101.92177766385942,3,9678.120674588112,282.9296438173432,,1,923200.0
2.40743614057063,48.82629689922213,7508,55.2145439973729,5,9848.31703220121,395.049986508833,,2,392063.0
2.2521706108746384,48.88414839867699,7501,115.72677256204152,4,10006.394372127985,37.94418893844623,,2,1015306.0
2.3041562863767924,48.86376867506718,75011,69.720971302561,1,10149.03143443424,59.63254988525674,,0,787272.0
2.450553876803648,48.88700847788858,75012,111.46334452006224,6,9935.066867676536,78.35983280135724,,1,1447014.0
2.24402130850412,48.88573134163647,75014,81.55585460040304,1,10062.666974334055,351.9175965307738,,1,855942.0
2.312966156608876,48.87070270515119,75013,39.23430449384,5,10190.767780889602,284.3723124739853,,2,479926.0
2.291239455316539,48.87589816404602,75012,41.93224998750085,3,9935.066867676536,86.34254560710127,,2,338455.0
2.350333436980823,48.85265877389029,7507,71.4901665316778,3,10160.7203358053,255.8582273038839,,2,498479.0
2.372086143271995,48.81461192524812,7508,139.52265332200875,6,9848.31703220121,201.31735352377223,,3,1293607.0
2.304299403176991,48.81770333409408,7507,36.88073816357296,2,10160.7203358053,246.33060693513943,,0,382112.0
2.416182922593556,48.86967407020484,75015,84.94673346696413,2,9813.040070612808,36.11041437903796,,1,871010.0
2.453095242132522,48.85818480293796,75016,147.78591071005806,4,9678.120674588112,408.5613168058952,,1,1317298.0
2.3148440268216186,48.89003550333772,7503,46.5340070450569,1,9983.017238897526,384.610813676206,,1,432616.0
2.3469397311938494,48.81154782599285,7507,74.70124325027611,6,10160.7203358053,260.2256886592605,,1,870098.0
2.4250173482811896,48.8618266561798,75015,142.42683856023868,1,9813.040070612808,225.85040515206617,,3,1237415.0
2.2242721688094256,48.83203971740058,7503,73.12967948472448,5,9983.017238897526,171.0243151031837,,1,755032.0
2.306629445265872,48.816531218956754,7507,42.2419247719687,4,10160.7203358053,309.7700906421484,,2,376024.0
2.274984759549283,48.81210937405588,7501,106.8690107683303,5,10006.394372127985,50.956877647117,,3,1100106.0
2.43314329105056,48.88456430448296,7506,110.516186262424,5,9841.359840436731,306.405951255059,,0,1119086.0
2.4340819141832704,48.843868560621615,75014,93.1666293002162,3,10062.666974334055,395.3517929516314,,1,1355979.0
2.252449827559718,48.896895959111,7508,112.12271433865544,3,9848.31703220121,379.7835560487367,,0,1519618.0
2.317467711044164,48.88845963348642,75018,80.30881807743506,1,9846.536214329111,107.55517574757476,,0,806145.0
2.29502323192617,48.85485348001305,75010,99.8497385329732,3,9903.611678623716,414.01085784383366,,3,1484935.0
2.3020337571775475,48.85682189020651,75011,140.26901123353196,6,10149.03143443424,338.69318690456583,,0,1422145.0
2.2935329924511523,48.88256112097351,7506,120.97340447949412,2,9841.359840436731,416.5539242330068,,3,1343418.0
2.2269531134447305,48.812251696459896,75011,126.0829154421668,2,10149.03143443424,474.0449604535194,,2,1610065.0
2.3016277578397,48.85835362563094,7508,49.43237451720893,2,9848.31703220121,468.9792944324258,,1,332047.0
2.362496988450554,48.84799316227272,7507,110.0610894945889,2,10160.7203358053,260.8972804651272,,1,1140505.0
2.2528903679697865,48.88223817793153,7500,85.87334248351115,1,9981.88888607979,415.8166291393165,,2,1175139.0
2.2237373927137623,48.81336601437823,7504,96.23821222588604,1,10257.726066885674,254.4053283896381,,2,993631.0
2.413327011745653,48.81595660024798,7506,74.76103205872204,3,9841.359840436731,260.1566231769201,,0,973532.0
2.44713815292588,48.89375571251966,75010,93.33965235656136,4,9903.611678623716,206.73046201976905,,3,1013447.0
2.33603253301261,48.83021074904076,7505,96.5266197802021,3,9974.4015549417,41.820160062450526,,2,1172382.0
2.2618512097091426,48.83159827642803,75012,148.7324582157127,2,9935.066867676536,83.16325866390541,,3,1496191.0
2.303629473832657,48.86966304040741,7503,84.47947795290338,2,9983.017238897526,92.29806197379531,,2,856860.0
2.2598589892561605,48.89607666862421,75010,147.73325316076094,5,9903.611678623716,358.491698932972,,3,1083165.0
2.2728646295078456,48.8909892753755,7509,135.46808157560554,1,9775.064380528089,178.3544820262129,,1,1106137.0
2.3432376040162204,48.899096455276855,7503,74.81375007841898,6,9983.017238897526,64.67219899708695,,2,447793.0
2.4368192164704894,48.81445570849594,7500,47.62949863566453,4,9981.88888607979,396.0443064067725,,2,670454.0
2.402920484200988,48.85664324128451,7509,36.4314817226041,3,9775.064380528089,353.38586921858746,,0,239472.0
2.36753713221853,48.84326342772618,75014,70.50873361873279,4,10062.666974334055,239.88202186746352,,0,785449.0
2.4286507683953937,48.81161963157562,75011,145.19532223381432,3,10149.03143443424,446.9698264332218,,1,1188090.0
2.39521938968273,48.89995692604644,75016,85.26208991250863,5,9678.120674588112,137.47534908215675,,0,1033266.0
2.4061676044124143,48.81365854906344,75017,86.0732463719245,6,9899.474939437398,185.5337838625878,,0,842851.0
2.3680978933622883,48.89568092614063,7509,146.43314543397565,3,9775.064380528089,387.0025711971044,,3,1137471.0
2.220740988450892,48.885303745605846,75016,136.79543590163655,4,9678.120674588112,325.45125808489803,,1,1211375.0
2.2740306680545648,48.83723013180812,75011,58.20317919348503,5,10149.03143443424,301.9418776374193,,1,567743.0
2.3520016971559303,48.89892533156669,75019,53.73676911855991,2,9910.289427293848,375.3427686617284,,1,697419.0
2.2895416985789128,48.827769442318974,7501,133.33085722829884,1,10006.394372127985,455.7502754112435,,3,1204576.0
2.31058103687698,48.8159788916992,75019,82.49491312861375,2,9910.289427293848,399.74008255430897,,1,546796.0
2.3250685346406925,48.84554274528757,7506,79.14599143243248,3,9841.359840436731,115.83591286117036,,1,994723.0
2.3401494663784432,48.888164281582696,7500,80.27587817963679,1,9981.88888607979,95.18244557733716,,3,469073.0
2.318708474446204,48.81351677784227,75018,70.53055602347277,2,9846.536214329111,249.7225634739044,,2,503075.0
2.410369736036177,48.87466561285893,75012,39.38042737721015,2,9935.066867676536,349.9965431057789,,0,362148.0
2.3191818612893,48.83636495780465,7504,36.27070876709683,6,10257.726066885674,260.5670177113676,,3,278774.0
2.4727838708109218,48.82364622634724,75016,139.2272479703771,4,9678.120674588112,343.0278663289626,,1,1005444.0
2.4282186044724807,48.82288702617116,7504,109.91342465578724,3,10257.726066885674,367.33611447609945,,3,974554.0
2.477462853247155,48.817254726290685,7500,57.86903390621473,3,9981.88888607979,418.0156964582741,,0,633362.0
2.40230601848915,48.81926851715065,75019,63.52639503094345,6,9910.289427293848,418.7381573857685,,1,458803.0
2.4424565981526483,48.85749944626205,75016,128.84883562963978,5,9678.120674588112,122.56457999322934,,0,919980.0
2.432008965301724,48.81538561686996,75013,42.74380596108573,5,10190.767780889602,203.9636954528553,,1,387839.0
2.4159026559107506,48.85230526916635,7507,45.80227016824821,2,10160.7203358053,320.632443028704,,3,341457.0
2.2483715382438585,48.87566352116549,7502,71.37414257974228,1,9569.91693818043,241.60905449018543,,3,945157.0
2.3529503284562248,48.890862410023246,7500,142.59189357732555,5,9981.88888607979,288.39486178277565,,3,998993.0
2.423191436097099,48.8851452959649,75015,95.97766740244552,4,9813.040070612808,325.9118686335735,,1,980069.0
2.320700192922078,48.8435563362681,7502,48.01375998579641,4,9569.91693818043,320.80024978868,,0,544376.0
2.42829623189963,48.83413862999086,75015,144.54797153119313,1,9813.040070612808,199.55851646386853,,1,1252346.0
2.4548864547236504,48.85594643218956,7508,113.78312511813404,6,9848.31703220121,338.76007671021904,,1,851783.0
2.2668331620409843,48.83081037544716,75010,98.55629182386022,1,9903.611678623716,398.6227597430594,,2,651457.0
2.475417885247325,48.89709456648078,7505,116.64969796839362,6,9974.4015549417,106.10568249369896,,0,1488381.0
2.3729703793064485,48.890476746352505,75019,82.2352802334543,6,9910.289427293848,65.16729001718272,,2,723771.0
2.4512411650920187,48.89384353551189,75017,71.15763470887156,4,9899.474939437398,231.2397588795165,,0,561803.0
2.250388728814613,48.83517057941452,75011,76.03973763242672,1,10149.03143443424,94.61258286543114,,1,444132.0
2.453257130603617,48.82630612321677,7504,38.49639040798983,1,10257.726066885674,210.56161785282964,,1,339977.0
2.4629917151057645,48.88262053992904,75018,124.0968320489623,2,9846.536214329111,364.20925305794594,,3,752056.0
2.359541723636191,48.87711251469947,7508,55.68076933858161,3,9848.31703220121,302.06859521285384,,3,444355.0
2.3770054096057938,48.84053550008692,7506,137.37377065962616,5,9841.359840436731,477.7078382827705,,3,1431698.0
2.407253635346178,48.86815965763648,7509,136.73589461452158,5,9775.064380528089,338.17478598905035,,1,1707183.0
2.3334871011328464,48.87073588101744,7504,68.79744500598177,3,10257.726066885674,220.9369946052553,,0,795167.0
2.3328317288743965,48.87034431803152,75017,61.2729536095666,4,9899.474939437398,346.73657280525896,,0,675211.0
2.4719921112859486,48.88638360187664,75012,110.36893776393738,4,9935.066867676536,175.93093204241976,,3,662666.0
2.351982975925789,48.89649274124015,7504,109.36494338991534,6,10257.726066885674,449.31199484480845,,1,845932.0
2.3032301871005787,48.82059599506344,7503,69.10093721576656,6,9983.017238897526,381.4302398162957,,2,956113.0
2.277642209232647,48.82241909875625,7503,129.41625671783137,5,9983.017238897526,242.42363844296312,,2,1063521.0
2.226276024228066,48.855526751202994,75010,114.65432676708642,5,9903.611678623716,244.67392779212383,,0,1404984.0
2.274526676879638,48.87062472009175,7500,53.92578033272238,4,9981.88888607979,206.97754889546547,,2,772307.0
2.4025918065649448,48.881000527035695,75015,62.78034114054713,3,9813.040070612808,484.2518980874567,,2,370739.0
2.4601644515549768,48.87137699434078,75012,46.12137855124457,2,9935.066867676536,485.1690507276127,,0,470983.0
2.345832974346145,48.88472853423397,7506,146.16792850100467,1,9841.359840436731,333.7803906304964,,2,993688.0
2.2964841907811184,48.85109069813738,75011,71.53609900728723,6,10149.03143443424,107.09989421064375,,0,702797.0
2.425846213436456,48.86229972886542,75010,52.05895732771695,6,9903.611678623716,437.4904182008577,,0,377609.0
2.228350415896289,48.891764705279606,7509,75.43919834990999,2,9775.064380528089,110.60238050095008,,0,667226.0
2.366040409844001,48.88671208386746,7504,64.64791376669551,4,10257.726066885674,437.2451331149695,,0,478833.0
2.3470739548701114,48.86793410793421,75019,134.0257127003131,4,9910.289427293848,140.64556700827708,,2,1509835.0
2.395199463558749,48.85428918254197,7500,126.49110228238602,4,9981.88888607979,313.26539931605873,,3,1574496.0
2.3901217537774424,48.84039326373069,7508,69.76065086200337,6,9848.31703220121,283.2532128923047,,0,980280.0
2.288943566823886,48.858790639824,7504,95.92542390649722,3,10257.726066885674,471.3801712386163,,0,1071241.0
2.2601907998751742,48.84854907678156,75017,54.89948973876257,5,9899.474939437398,309.27974111307816,,3,559900.0
2.2576645709065764,48.81786116362122,7506,82.044424182745,6,9841.359840436731,422.9473922698322,,0,1093396.0
2.4723464176932226,48.84539150921348,7501,112.78394530759344,1,10006.394372127985,363.5895917256144,,3,1617291.0
2.47562008305796,48.89453178487984,7502,138.9198316298603,6,9569.91693818043,444.02658136367,,0,1475472.0
2.443805919871982,48.847602796794106,75014,84.21211778001074,4,10062.666974334055,423.809972391613,,2,547148.0
2.371527442132159,48.89522472317843,7508,84.16589680849708,3,9848.31703220121,456.0406302664327,,0,530204.0
2.371355117407214,48.841128626924,7504,87.91869456006698,4,10257.726066885674,488.1633345009049,,1,720550.0
2.3740670825268104,48.82296148494703,7506,81.06496883753451,1,9841.359840436731,90.21578201101808,,0,1006138.0
2.328600160175458,48.89381593773293,75018,68.78162737388712,6,9846.536214329111,305.0885959883665,,3,1036450.0
2.349316061532837,48.896086642462514,75016,101.91697952682672,4,9678.120674588112,465.70916058396585,,1,1358709.0
2.3611729030810213,48.81992892787243,75010,102.29001969279882,3,9903.611678623716,168.47489355498652,,0,1244306.0
2.416498040171516,48.83865628259572,7508,129.09163295347471,5,9848.31703220121,60.114683733549775,,1,865514.0
2.3100787588751164,48.82239602214278,7500,58.086310980668216,6,9981.88888607979,227.2515548379784,,1,499855.0
2.3368581917008315,48.8307762194317,7500,113.9799317349392,2,9981.88888607979,113.14804945223962,,3,738292.0
2.331562775700605,48.89508214649551,7502,146.48019128968414,6,9569.91693818043,208.78854492943728,,0,1282653.0
2.3537264860587257,48.82724127996092,7501,106.78151651953212,3,10006.394372127985,433.6001354668065,,3,1370759.0
2.4300435298517806,48.84555475822175,7501,61.16008603501204,2,10006.394372127985,94.35450090073364,,2,496525.0
2.374181578223088,48.87716337937432,7503,65.4634772616138,4,9983.017238897526,485.6651675950111,,0,700762.0
2.2737770469208445,48.8560316978034,7509,92.52579722659746,5,9775.064380528089,137.2320655392557,,2,877766.0
2.3221622677522817,48.834912556108094,7509,77.29311991462419,6,9775.064380528089,395.57604493762096,,3,904634.0
2.3924319466604347,48.82150521284064,75017,37.9902467861001,2,9899.474939437398,481.191765287018,,2,221504.0
2.337480628725116,48.88455379454471,75016,86.01804443313004,1,9678.120674588112,463.9088333354164,,2,927362.0
2.449590117318555,48.887837456857525,75011,55.73331298838056,2,10149.03143443424,279.0416904835207,,2,518489.0
2.4256910420915383,48.88565040476442,75015,141.2287345224558,6,9813.040070612808,245.2408922061342,,2,859058.0
2.4294055086628847,48.86497599974075,7506,71.15105365663777,3,9841.359840436731,219.80735317079896,,3,862928.0
2.289967997899227,48.83945086602603,7506,117.0537683940937,4,9841.359840436731,133.4907023478887,,3,1049844.0
2.413968075033764,48.85475603262369,7502,73.10699600595223,3,9569.91693818043,248.6617933250194,,1,546823.0
2.360546439823582,48.85607212978594,75011,118.11696105591648,2,10149.03143443424,268.33984437433634,,0,1488174.0
2.462807251759038,48.87508099605043,7505,102.75744915459218,2,9974.4015549417,347.87494621779143,,3,1581291.0
2.355343336445509,48.83633957203317,75019,51.09482301169555,4,9910.289427293848,165.197185503189,,3,731809.0
2.4686674838172578,48.89424767542817,7509,95.7704180723216,5,9775.064380528089,241.7371868342428,,3,995741.0
2.415773915989008,48.81664079738768,7501,143.8790740252757,5,10006.394372127985,323.36469276432337,,3,1297334.0
2.3139366831250547,48.86695608408709,7505,100.59234493735788,3,9974.4015549417,308.0313249780623,,1,627493.0
2.424271107575581,48.87876144372913,7504,111.15364438171156,4,10257.726066885674,206.79625572598488,,2,1030892.0
2.4662265873874656,48.86254827180027,7506,39.744482072519816,5,9841.359840436731,77.34512645119146,,1,305114.0
2.265130401873595,48.8938190107632,75013,114.47179226339853,3,10190.767780889602,487.6941654294444,,2,1007620.0
2.336169560715834,48.8431542943902,75016,128.4355168242957,5,9678.120674588112,182.4077955379013,,2,983268.0
2.359641375188956,48.83410168380161,7500,63.6377910822953,5,9981.88888607979,240.019956628756,,2,842808.0
2.387583386940248,48.83209710002984,75015,105.63168866401044,2,9813.040070612808,106.20828359318556,,2,1160073.0
2.414011193199206,48.83285604683055,75014,73.35445257211097,6,10062.666974334055,117.8849024961248,,0,517536.0
2.315201554787757,48.85493929380192,7502,60.30978677975477,6,9569.91693818043,321.58479860861,,1,377826.0
2.283360836740967,48.8263135256343,75013,40.08021161502603,2,10190.767780889602,317.54872575832536,,1,314154.0
2.4416853100889657,48.82302085257894,7504,135.27904074350457,5,10257.726066885674,404.18383049537255,,0,1193325.0
2.2553154092780887,48.87923213548976,7505,101.3784120210076,3,9974.4015549417,336.2288171785389,,3,844477.0
2.4721292433298334,48.8926172518673,75017,117.10462570963551,1,9899.474939437398,425.8417326237611,,3,1037201.0
2.249198558192836,48.823704067974326,7502,60.45932980178495,2,9569.91693818043,280.60799143546745,,0,414294.0
2.2573447866584773,48.89174856638662,75017,72.45213994361782,2,9899.474939437398,450.91069882615926,,1,498300.0
2.441444575108641,48.87976275781881,7504,72.358334473083,6,10257.726066885674,481.62143789584553,,1,752791.0
2.472847186367516,48.825690128549496,7501,53.58085988748549,4,10006.394372127985,431.1250895441097,,3,537775.0
2.382057827591984,48.89484537928218,7501,63.021724667576684,2,10006.394372127985,164.80086320398968,,1,601002.0
2.256373306396356,48.87139687009813,75014,141.26377781056067,4,10062.666974334055,339.21009485839943,,0,1149588.0
2.320486733360982,48.86232264864682,75017,47.27332861795499,1,9899.474939437398,298.0191147167582,,2,436881.0
2.407762263965973,48.88877094319013,75016,42.8348220394933,6,9678.120674588112,345.17670893948144,,3,580410.0
2.285495538288626,48.81797464376889,75018,54.4952922369184,6,9846.536214329111,459.5217414081894,,0,624500.0
2.266283820763674,48.82145546506589,75017,137.01695181053424,1,9899.474939437398,283.8873554114429,,0,1636043.0
2.341775093174591,48.89793517267805,75011,112.4767810973432,1,10149.03143443424,371.76239782375785,,0,1449286.0
2.261061222342619,48.89119312511575,75012,61.797286592995775,4,9935.066867676536,442.9412602130757,,0,518399.0
2.3482723024627603,48.89096142112534,7507,119.82490832753444,5,10160.7203358053,256.4046562749193,,3,1154737.0
2.2442090558852525,48.89368805761191,7506,103.70192536478253,3,9841.359840436731,160.00163334063868,,0,1526842.0
2.453797117824283,48.85724833982098,75016,138.0907904437744,5,9678.120674588112,234.50608957999097,,2,1159210.0
2.281393469401359,48.821778945062086,75015,36.50566072033103,5,9813.040070612808,82.23746362855233,,0,383087.0
2.4555967579872946,48.891505892859335,7508,61.38897846521262,2,9848.31703220121,403.9796429433202,,3,566008.0
2.327532771399042,48.87240745497565,75016,86.21542207017202,4,9678.120674588112,95.22624429264116,,2,724740.0
2.235216286705547,48.88141631479781,7506,71.00130751282,6,9841.359840436731,418.4426089206973,,1,485044.0
2.421506688057081,48.841375907671065,7505,47.31979135001812,5,9974.4015549417,407.6166589102698,,3,389736.0
2.4531577934888524,48.88832517596999,7502,109.55279562478374,6,9569.91693818043,447.942335698046,,1,1176407.0
2.3323036769088263,48.8869010883822,7508,60.94269167563206,3,9848.31703220121,499.8145825224673,,2,359925.0
2.306613729881712,48.863016120298326,75011,78.8972871878228,4,10149.03143443424,214.2719439334508,,1,688169.0
2.277257098437031,48.834504177245705,7503,106.1947858085012,6,9983.017238897526,466.9361626840502,,1,1378434.0
2.378813284017581,48.86617877312801,7501,90.89244025399204,3,10006.394372127985,205.471324929689,,1,1094896.0
2.407779267149053,48.86961490728256,7509,94.38076266245876,4,9775.064380528089,198.19322277161697,,1,1299909.0
2.3969991630037053,48.8814772698626,7506,50.65236301232543,1,9841.359840436731,178.2488246685829,,2,372138.0
2.4445301335294047,48.829149022325176,7506,98.89262284045704,6,9841.359840436731,373.3859173903834,,0,679666.0
2.4619427682438446,48.84688555440928,75011,135.73033856154274,4,10149.03143443424,427.1851026996642,,1,893441.0
2.2231412398753245,48.81540015135296,7500,129.84002478025195,5,9981.88888607979,220.23769987187805,,1,1295470.0
2.272500472121841,48.823578337700745,7503,101.85481736771554,6,9983.017238897526,364.97211603379645,,2,704564.0
2.4357097137839285,48.8204114259525,7505,84.9724150198982,2,9974.4015549417,173.0096697275278,,1,663829.0
2.2802759225764704,48.81309423107613,7500,66.08027140533913,4,9981.88888607979,111.55781977764926,,3,960201.0
2.469147143197258,48.85862141694543,75012,71.40240981207201,3,9935.066867676536,238.5984356057403,,3,595119.0
2.41713910017302,48.88815387306945,75018,40.218177941568605,2,9846.536214329111,137.03871847691283,,0,248004.0
2.4184662923321527,48.87072158006008,75019,92.27614892235448,4,9910.289427293848,68.18224539134442,,2,1411335.0
2.4208046997769976,48.87651142171482,7509,121.90196762225688,2,9775.064380528089,108.98583755458084,,2,799282.0
2.3641723383350373,48.85220096092165,75016,40.80266445141292,2,9678.120674588112,461.9515464782355,,2,603278.0
2.3555450154770696,48.83686644243319,75011,116.79586453026246,2,10149.03143443424,239.36918255598675,,3,1532438.0
2.3235266381479445,48.82667607641926,75019,108.17687786511271,5,9910.289427293848,233.6702612011365,,2,1601840.0
2.2376904161768456,48.86621592138845,75010,37.15408414786884,3,9903.611678623716,212.6007599953286,,0,336144.0
